[gd_scene format=3 uid="uid://ovaawexd35h1"]

[ext_resource type="Script" uid="uid://cpwuo51g57hci" path="res://levels/world/world.gd" id="1_h0il2"]
[ext_resource type="Material" uid="uid://81brcdjdhsf2" path="res://levels/hub/floor.material" id="1_ng6r8"]
[ext_resource type="PackedScene" uid="uid://bb04srrhd30i" path="res://entities/spawners/slime_spawn_point.tscn" id="3_cjrbv"]
[ext_resource type="Script" uid="uid://dsx4gqqpbhhb1" path="res://entities/slimes/slime_data.gd" id="4_6qp4l"]
[ext_resource type="PackedScene" uid="uid://cdtuy1lnge7dh" path="res://entities/spawners/player_spawn_point.tscn" id="4_8gvdk"]
[ext_resource type="PackedScene" uid="uid://d00y4oeqm86s7" path="res://levels/world/to_hub.tscn" id="4_h0il2"]
[ext_resource type="Resource" uid="uid://0qwga3covou3" path="res://_dev/dev_player_data.tres" id="4_le7ry"]

[sub_resource type="ProceduralSkyMaterial" id="ProceduralSkyMaterial_h0il2"]
sky_top_color = Color(0.60850906, 0.27496335, 0.3709328, 1)
sky_horizon_color = Color(0.6402464, 0.54910994, 0.5641023, 1)
ground_horizon_color = Color(0.6402464, 0.54910994, 0.5641023, 1)

[sub_resource type="Sky" id="Sky_le7ry"]
sky_material = SubResource("ProceduralSkyMaterial_h0il2")

[sub_resource type="Environment" id="Environment_cjrbv"]
background_mode = 2
sky = SubResource("Sky_le7ry")
tonemap_mode = 2
glow_enabled = true

[sub_resource type="Resource" id="Resource_dlib7"]
script = ExtResource("4_6qp4l")
name = "Test"
metadata/_custom_type_script = "uid://dsx4gqqpbhhb1"

[node name="World" type="Node3D" unique_id=530412199]
script = ExtResource("1_h0il2")

[node name="DirectionalLight3D" type="DirectionalLight3D" parent="." unique_id=67278041]
transform = Transform3D(-0.8660254, -0.44350547, 0.23087433, 0, 0.4617486, 0.8870108, -0.50000006, 0.7681739, -0.399886, 0, 0, 0)
light_color = Color(0.50280875, 0.47705376, 0.35183546, 1)
shadow_enabled = true

[node name="WorldEnvironment" type="WorldEnvironment" parent="." unique_id=122961397]
environment = SubResource("Environment_cjrbv")

[node name="Static" type="Node3D" parent="." unique_id=772268994]

[node name="Floor" type="Node3D" parent="Static" unique_id=1460210258]

[node name="CSGBox3D" type="CSGBox3D" parent="Static/Floor" unique_id=644234957]
transform = Transform3D(1, 0, 0, 0, 1, 0, 0, 0, 1, 1.225, -1, -1.8000002)
layers = 9
use_collision = true
collision_mask = 0
size = Vector3(7.45, 2, 11.5)
material = ExtResource("1_ng6r8")

[node name="CSGBox3D2" type="CSGBox3D" parent="Static/Floor" unique_id=1779867149]
transform = Transform3D(0.96592575, 0.258819, 0, -0.258819, 0.96592575, 0, 0, 0, 1, 14.384445, -3.5633316, 1.1675785)
layers = 9
use_collision = true
collision_mask = 0
size = Vector3(20.066797, 1.9969482, 10.864843)
material = ExtResource("1_ng6r8")

[node name="CSGBox3D3" type="CSGBox3D" parent="Static/Floor" unique_id=287103685]
transform = Transform3D(1, 0, 0, 0, 1, 0, 0, 0, 1, 34.568684, -4.5261583, -3.4029055)
layers = 9
use_collision = true
collision_mask = 0
size = Vector3(33.875343, 1.9969482, 34.506493)
material = ExtResource("1_ng6r8")

[node name="Walls" type="Node3D" parent="Static" unique_id=104050215]

[node name="CSGBox3D" type="CSGBox3D" parent="Static/Walls" unique_id=1608193121]
transform = Transform3D(0.8660254, 0, -0.5, 0, 1, 0, 0.5, 0, 0.8660254, -1.5154328, 2.6749997, 3.3125)
use_collision = true
collision_mask = 0
size = Vector3(4.15, 6.35, 2.65)

[node name="CSGBox3D2" type="CSGBox3D" parent="Static/Walls" unique_id=1519335052]
transform = Transform3D(0.8660254, 0, 0.5, 0, 1, 0, -0.5, 0, 0.8660254, -0.41125047, 2.6749997, -4.725)
use_collision = true
collision_mask = 0
size = Vector3(6.7000003, 6.35, 2.65)

[node name="CSGBox3D3" type="CSGBox3D" parent="Static/Walls" unique_id=492461885]
transform = Transform3D(0.258819, 0, 0.9659258, 0, 1, 0, -0.9659258, 0, 0.258819, -3.3112507, 2.725, -1.4249997)
use_collision = true
collision_mask = 0
size = Vector3(6.7000003, 6.4500003, 2.65)

[node name="CSGBox3D4" type="CSGBox3D" parent="Static/Walls" unique_id=1666289608]
transform = Transform3D(1.0000001, 0, 5.9604645e-08, 0, 1, 0, -5.9604645e-08, 0, 1.0000001, 3.1637495, 1.9749999, 4.5250006)
use_collision = true
collision_mask = 0
size = Vector3(8.05, 8.25, 2.65)

[node name="CSGBox3D6" type="CSGBox3D" parent="Static/Walls" unique_id=1541930299]
transform = Transform3D(1.0000001, 0, 5.9604645e-08, 0, 1, 0, -5.9604645e-08, 0, 1.0000001, 1.824443, 8.471437, 3.6635747)
use_collision = true
collision_mask = 0
size = Vector3(10.728613, 5.3427734, 4.3728514)

[node name="CSGBox3D7" type="CSGBox3D" parent="Static/Walls" unique_id=1903040177]
transform = Transform3D(0.9063964, 0, 0.42242855, 0, 1, 0, -0.42242855, 0, 0.9063964, -1.3753995, 8.471437, -4.788627)
use_collision = true
collision_mask = 0
size = Vector3(10.728613, 5.3427734, 4.3728514)

[node name="CSGBox3D8" type="CSGBox3D" parent="Static/Walls" unique_id=353434097]
transform = Transform3D(0.097756654, 0, -0.99521047, 0, 1, 0, 0.99521047, 0, 0.097756654, -1.3753995, 8.471437, -0.8561363)
use_collision = true
collision_mask = 0
size = Vector3(10.728613, 5.3427734, 4.3728514)

[node name="CSGBox3D5" type="CSGBox3D" parent="Static/Walls" unique_id=597459880]
transform = Transform3D(0.86602557, 0, -0.5, 0, 1, 0, 0.5, 0, 0.86602557, 7.263749, 1.7749996, 4.5250006)
use_collision = true
collision_mask = 0
size = Vector3(8.05, 7.85, 2.65)

[node name="Ceiling" type="Node3D" parent="Static" unique_id=1299291148]

[node name="CSGBox3D" type="CSGBox3D" parent="Static/Ceiling" unique_id=139390604]
transform = Transform3D(1, 0, 0, 0, 1, 0, 0, 0, 1, 1.1750002, 11.960245, 0.44999933)
layers = 9
use_collision = true
collision_mask = 0
size = Vector3(11.05, 2, 12.3)
material = ExtResource("1_ng6r8")

[node name="Entities" type="Node3D" parent="." unique_id=147220061]

[node name="Slimes" type="Node3D" parent="Entities" unique_id=630950339]

[node name="SpawnPoints" type="Node3D" parent="Entities/Slimes" unique_id=1972938329]

[node name="SlimeSpawnPoint" parent="Entities/Slimes/SpawnPoints" unique_id=1266817554 instance=ExtResource("3_cjrbv")]
transform = Transform3D(1, 0, 0, 0, 1, 0, 0, 0, 1, 39.88288, -3.5332, 0)
slime_data = SubResource("Resource_dlib7")

[node name="SlimeSpawnPoint2" parent="Entities/Slimes/SpawnPoints" unique_id=2093535317 instance=ExtResource("3_cjrbv")]
transform = Transform3D(-0.35500908, 0, -0.93486285, 0, 1, 0, 0.93486285, 0, -0.35500908, 37.075924, -3.5332, 0)
slime_data = SubResource("Resource_dlib7")

[node name="SlimeSpawnPoint3" parent="Entities/Slimes/SpawnPoints" unique_id=1484214122 instance=ExtResource("3_cjrbv")]
transform = Transform3D(0.30073914, 0, 0.95370644, 0, 1, 0, -0.95370644, 0, 0.30073914, 37.075924, -3.5332, -2.39642)
slime_data = SubResource("Resource_dlib7")

[node name="SlimeSpawnPoint4" parent="Entities/Slimes/SpawnPoints" unique_id=495275644 instance=ExtResource("3_cjrbv")]
transform = Transform3D(-0.8293595, 0, -0.5587154, 0, 1, 0, 0.5587154, 0, -0.8293595, 40.658543, -3.5332, -2.39642)
slime_data = SubResource("Resource_dlib7")

[node name="Instances" type="Node3D" parent="Entities/Slimes" unique_id=759527860]

[node name="Player" type="Node3D" parent="Entities" unique_id=1727175574]

[node name="SpawnPoints" type="Node3D" parent="Entities/Player" unique_id=2079495872]

[node name="PlayerSpawnPoint" parent="Entities/Player/SpawnPoints" unique_id=187764602 instance=ExtResource("4_8gvdk")]
transform = Transform3D(-4.371139e-08, 0, 1, 0, 1, 0, -1, 0, -4.371139e-08, 0.35, 0, 0.95)
player_data = ExtResource("4_le7ry")

[node name="Instances" type="Node3D" parent="Entities/Player" unique_id=1390893131]

[node name="Projectiles" type="Node3D" parent="." unique_id=442862968 groups=["projectile_bucket"]]

[node name="Node3D" type="Node3D" parent="." unique_id=1256516138]

[node name="ToHub" parent="Node3D" unique_id=550446081 instance=ExtResource("4_h0il2")]
transform = Transform3D(1, 0, 0, 0, 1, 0, 0, 0, 1, -0.29999995, 1.1999999, -0.4500003)
