[gd_scene format=3 uid="uid://cryuff3n13ije"]

[sub_resource type="StandardMaterial3D" id="StandardMaterial3D_5x83g"]
albedo_color = Color(0.44291076, 0.44291076, 0.44291073, 1)

[sub_resource type="StandardMaterial3D" id="StandardMaterial3D_wlo8h"]
albedo_color = Color(0.3075619, 2.9480086e-07, 1.5642495e-07, 1)

[node name="RedLab" type="Node3D" unique_id=716509673]

[node name="Static" type="Node3D" parent="." unique_id=1102275323]

[node name="CSGBox3D" type="CSGBox3D" parent="Static" unique_id=1213594616]
transform = Transform3D(1, 0, 0, 0, 1, 0, 0, 0, 1, -2.4000008, 0, -2.25)
use_collision = true
collision_mask = 0
size = Vector3(18.1, 0.2, 18.2)
material = SubResource("StandardMaterial3D_5x83g")

[node name="CSGBox3D2" type="CSGBox3D" parent="Static" unique_id=99052452]
transform = Transform3D(1, 0, 0, 0, 1, 0, 0, 0, 1, -3.9250002, 1.75, 3.15)
use_collision = true
collision_mask = 0
size = Vector3(3.75, 4.5, 6.3)
material = SubResource("StandardMaterial3D_wlo8h")

[node name="CSGBox3D7" type="CSGBox3D" parent="Static" unique_id=2027936595]
transform = Transform3D(0.70710677, 0, 0.70710677, 0, 1, 0, -0.70710677, 0, 0.70710677, -10.168503, 1.75, -1.4935027)
use_collision = true
collision_mask = 0
size = Vector3(3.75, 4.5, 2.5)
material = SubResource("StandardMaterial3D_wlo8h")

[node name="CSGBox3D3" type="CSGBox3D" parent="Static" unique_id=1822576728]
transform = Transform3D(0.70710677, 0, -0.70710677, 0, 1, 0, 0.70710677, 0, 0.70710677, 4.8500004, 1.7750001, 4.7)
use_collision = true
collision_mask = 0
size = Vector3(2.9, 4.55, 5.3)
material = SubResource("StandardMaterial3D_wlo8h")

[node name="CSGBox3D4" type="CSGBox3D" parent="Static" unique_id=578625886]
transform = Transform3D(0.49999997, 0, -0.86602545, 0, 1, 0, 0.86602545, 0, 0.49999997, 4.6000004, 1.625, -3.6455772)
use_collision = true
collision_mask = 0
size = Vector3(4.7000003, 4.25, 4.4500003)
material = SubResource("StandardMaterial3D_wlo8h")

[node name="CSGBox3D6" type="CSGBox3D" parent="Static" unique_id=261444975]
transform = Transform3D(0.49999997, 0, -0.86602545, 0, 1, 0, 0.86602545, 0, 0.49999997, -1.3499999, 1.675, -9.995577)
use_collision = true
collision_mask = 0
size = Vector3(4.7000003, 4.35, 4.4500003)
material = SubResource("StandardMaterial3D_wlo8h")

[node name="CSGBox3D5" type="CSGBox3D" parent="Static" unique_id=428195609]
transform = Transform3D(-0.2588191, 0, -0.9659258, 0, 1, 0, 0.9659258, 0, -0.2588191, -4.0353045, 1.675, -6.719074)
use_collision = true
collision_mask = 0
size = Vector3(7.65, 4.35, 4.4500003)
material = SubResource("StandardMaterial3D_wlo8h")

[node name="Doors" type="Node3D" parent="." unique_id=1411874436]
