[gd_scene format=3 uid="uid://veq7gq7hkrm8"]

[ext_resource type="Script" uid="uid://dcbft48v4acct" path="res://levels/sandbox/sandbox.gd" id="1_pd2xf"]
[ext_resource type="Script" uid="uid://b85edpjne8suq" path="res://levels/sandbox/sandbox_level_data.gd" id="2_lxnan"]
[ext_resource type="PackedScene" uid="uid://ca75bth86vc77" path="res://entities/player/player.tscn" id="3_rb51v"]
[ext_resource type="PackedScene" uid="uid://bwffd6a2wggjy" path="res://entities/slimes/slime.tscn" id="4_kpg8c"]
[ext_resource type="Material" uid="uid://n6bklpjctmd7" path="res://_dev/level_design/prototyping_static.material" id="5_feq11"]
[ext_resource type="PackedScene" uid="uid://bb04srrhd30i" path="res://entities/spawners/slime_spawn_point.tscn" id="6_wwady"]
[ext_resource type="Script" uid="uid://dsx4gqqpbhhb1" path="res://entities/slimes/slime_data.gd" id="7_awn6y"]
[ext_resource type="PackedScene" uid="uid://cdtuy1lnge7dh" path="res://entities/spawners/player_spawn_point.tscn" id="8_lpv70"]
[ext_resource type="Resource" uid="uid://bqx047nin6pcg" path="res://_dev/test_gun_data.tres" id="9_p8xy7"]
[ext_resource type="Script" uid="uid://d2fycj4pes8d6" path="res://common/data/player_loadout_data.gd" id="10_ih8qp"]
[ext_resource type="Script" uid="uid://b4qohxd871ki4" path="res://entities/player/player_data.gd" id="11_22iu5"]

[sub_resource type="Resource" id="Resource_gck8l"]
script = ExtResource("2_lxnan")
metadata/_custom_type_script = "uid://b85edpjne8suq"

[sub_resource type="ProceduralSkyMaterial" id="ProceduralSkyMaterial_whpuv"]
sky_horizon_color = Color(0.66224277, 0.6717428, 0.6867428, 1)
ground_horizon_color = Color(0.66224277, 0.6717428, 0.6867428, 1)

[sub_resource type="Sky" id="Sky_85hcc"]
sky_material = SubResource("ProceduralSkyMaterial_whpuv")

[sub_resource type="Environment" id="Environment_7he1i"]
background_mode = 2
sky = SubResource("Sky_85hcc")
tonemap_mode = 2
glow_enabled = true

[sub_resource type="StandardMaterial3D" id="StandardMaterial3D_poddw"]
albedo_color = Color(0.2738726, 0.27387276, 0.27387273, 1)

[sub_resource type="Resource" id="Resource_6jbby"]
script = ExtResource("7_awn6y")
slime_color = Color(0.10060642, 0.399674, 0.2501165, 1)
name = "Red"
metadata/_custom_type_script = "uid://dsx4gqqpbhhb1"

[sub_resource type="Resource" id="Resource_tv6ri"]
script = ExtResource("7_awn6y")
slime_color = Color(0.11875624, 0.40160844, 0.20611456, 1)
name = "Green"
metadata/_custom_type_script = "uid://dsx4gqqpbhhb1"

[sub_resource type="Resource" id="Resource_piqkd"]
script = ExtResource("7_awn6y")
current_health = 50.0
max_health = 50.0
slime_color = Color(0.31465498, 0.36733946, 3.85046e-07, 1)
name = "Yellow"
metadata/_custom_type_script = "uid://dsx4gqqpbhhb1"

[sub_resource type="Resource" id="Resource_gq41h"]
script = ExtResource("7_awn6y")
current_health = 200.0
max_health = 200.0
slime_color = Color(0.58903176, 0.1531527, 0.23644525, 1)
name = "Red"
metadata/_custom_type_script = "uid://dsx4gqqpbhhb1"

[sub_resource type="Resource" id="Resource_dmu6m"]
script = ExtResource("10_ih8qp")
primary_weapon = ExtResource("9_p8xy7")
metadata/_custom_type_script = "uid://d2fycj4pes8d6"

[sub_resource type="Resource" id="Resource_jpsdj"]
script = ExtResource("11_22iu5")
jump_force = 16.0
loadout_data = SubResource("Resource_dmu6m")
metadata/_custom_type_script = "uid://b4qohxd871ki4"

[node name="Sandbox" type="Node3D" unique_id=499407631]
script = ExtResource("1_pd2xf")
data = SubResource("Resource_gck8l")
player_scene = ExtResource("3_rb51v")
slime_scene = ExtResource("4_kpg8c")

[node name="DirectionalLight3D" type="DirectionalLight3D" parent="." unique_id=852559488]
transform = Transform3D(-0.8660254, -0.43301278, 0.25, 0, 0.49999997, 0.86602545, -0.50000006, 0.75, -0.43301266, 0, 0, 0)
shadow_enabled = true

[node name="WorldEnvironment" type="WorldEnvironment" parent="." unique_id=1232525743]
environment = SubResource("Environment_7he1i")

[node name="Static" type="Node3D" parent="." unique_id=274624195]

[node name="Floor" type="CSGBox3D" parent="Static" unique_id=336184015]
transform = Transform3D(1, 0, 0, 0, 1, 0, 0, 0, 1, -3.0999966, -0.5, -11.099991)
use_collision = true
collision_mask = 0
size = Vector3(126.6, 1, 134.40001)
material = SubResource("StandardMaterial3D_poddw")

[node name="CSGBox3D11" type="CSGBox3D" parent="Static" unique_id=1564892153]
transform = Transform3D(1, 0, 0, 0, 1, 0, 0, 0, 1, -14.049999, 2, 12)
layers = 9
use_collision = true
collision_mask = 0
size = Vector3(11.1, 4, 12)
material = ExtResource("5_feq11")

[node name="CSGBox3D13" type="CSGBox3D" parent="Static" unique_id=404487219]
transform = Transform3D(1, 0, 0, 0, 1, 0, 0, 0, 1, -2.4999998, 2, 0.8500004)
layers = 9
use_collision = true
collision_mask = 0
size = Vector3(4, 4, 8.1)
material = ExtResource("5_feq11")

[node name="CSGBox3D19" type="CSGBox3D" parent="Static" unique_id=1271694526]
transform = Transform3D(1, 0, 0, 0, 1, 0, 0, 0, 1, -25.599998, 3, 17.05)
layers = 9
use_collision = true
collision_mask = 0
size = Vector3(12, 6, 7.1)
material = ExtResource("5_feq11")

[node name="CSGBox3D18" type="CSGBox3D" parent="Static" unique_id=1226161429]
transform = Transform3D(1, 0, 0, 0, 1, 0, 0, 0, 1, 6.6, 4, -21.599998)
layers = 9
use_collision = true
collision_mask = 0
size = Vector3(9.2, 8, 38.8)
material = ExtResource("5_feq11")

[node name="CSGBox3D12" type="CSGBox3D" parent="Static" unique_id=1147279205]
transform = Transform3D(1, 0, 0, 0, 1, 0, 0, 0, 1, -6.5, 6, 7)
layers = 9
use_collision = true
collision_mask = 0
size = Vector3(4, 12, 7)
material = ExtResource("5_feq11")

[node name="CSGBox3D20" type="CSGBox3D" parent="Static" unique_id=359820808]
transform = Transform3D(1, 0, 0, 0, 1, 0, 0, 0, 1, -38.500004, 8, 9.55)
layers = 9
use_collision = true
collision_mask = 0
size = Vector3(8.400001, 16, 12.1)
material = ExtResource("5_feq11")

[node name="CSGBox3D21" type="CSGBox3D" parent="Static" unique_id=120066159]
transform = Transform3D(1, 0, 0, 0, 1, 0, 0, 0, 1, -38.500004, 6, -18.449999)
layers = 9
use_collision = true
collision_mask = 0
size = Vector3(8.400001, 12, 12.1)
material = ExtResource("5_feq11")

[node name="CSGBox3D22" type="CSGBox3D" parent="Static" unique_id=1522452447]
transform = Transform3D(1, 0, 0, 0, 1, 0, 0, 0, 1, -32.750004, 5, -32.85)
layers = 9
use_collision = true
collision_mask = 0
size = Vector3(13.5, 10, 16.5)
material = ExtResource("5_feq11")

[node name="CSGBox3D26" type="CSGBox3D" parent="Static" unique_id=469724631]
transform = Transform3D(1, 0, 0, 0, 1, 0, 0, 0, 1, -19.250004, 12, -30.65)
layers = 9
use_collision = true
collision_mask = 0
size = Vector3(13.5, 24, 12.1)
material = ExtResource("5_feq11")

[node name="CSGBox3D23" type="CSGBox3D" parent="Static" unique_id=2099734591]
transform = Transform3D(1, 0, 0, 0, 1, 0, 0, 0, 1, -33.300007, 5, -23.099998)
layers = 9
use_collision = true
collision_mask = 0
size = Vector3(2, 10, 3)
material = ExtResource("5_feq11")

[node name="CSGBox3D24" type="CSGBox3D" parent="Static" unique_id=1967942153]
transform = Transform3D(1, 0, 0, 0, 1, 0, 0, 0, 1, -43.20001, 9, -8.0999975)
layers = 9
use_collision = true
collision_mask = 0
size = Vector3(5.2000003, 18, 8.6)
material = ExtResource("5_feq11")

[node name="CSGBox3D15" type="CSGBox3D" parent="Static" unique_id=526631018]
transform = Transform3D(1, 0, 0, 0, 1, 0, 0, 0, 1, -23.349998, 4, 6.25)
layers = 9
use_collision = true
collision_mask = 0
size = Vector3(7.5, 8, 14.5)
material = ExtResource("5_feq11")

[node name="CSGBox3D14" type="CSGBox3D" parent="Static" unique_id=2067410031]
transform = Transform3D(1, 0, 0, 0, 1, 0, 0, 0, 1, -18.5, 4, -9.25)
layers = 9
use_collision = true
collision_mask = 0
size = Vector3(28, 8, 16.5)
material = ExtResource("5_feq11")

[node name="CSGBox3D16" type="CSGBox3D" parent="Static" unique_id=1362594918]
transform = Transform3D(1, 0, 0, 0, 1, 0, 0, 0, 1, -12, 14, -4.5)
layers = 9
use_collision = true
collision_mask = 0
size = Vector3(15, 12, 7)
material = ExtResource("5_feq11")

[node name="CSGBox3D17" type="CSGBox3D" parent="Static" unique_id=743916203]
transform = Transform3D(1, 0, 0, 0, 1, 0, 0, 0, 1, -16.8, 8, -21.000002)
layers = 9
use_collision = true
collision_mask = 0
size = Vector3(24.6, 16, 7)
material = ExtResource("5_feq11")

[node name="Entities" type="Node3D" parent="." unique_id=755736950]

[node name="Enemy" type="Node3D" parent="Entities" unique_id=859116606]

[node name="SpawnPoints" type="Node3D" parent="Entities/Enemy" unique_id=2059008436]

[node name="Green" parent="Entities/Enemy/SpawnPoints" unique_id=1266817554 instance=ExtResource("6_wwady")]
transform = Transform3D(0.66341704, 0, -0.74824977, 0, 1, 0, 0.74824977, 0, 0.66341704, -27.435835, 8, -7.874872)
slime_data = SubResource("Resource_6jbby")

[node name="Green2" parent="Entities/Enemy/SpawnPoints" unique_id=955141222 instance=ExtResource("6_wwady")]
transform = Transform3D(1, 0, 0, 0, 1, 0, 0, 0, 1, -24.92509, 8, -7.874872)
slime_data = SubResource("Resource_tv6ri")

[node name="Green3" parent="Entities/Enemy/SpawnPoints" unique_id=1735188233 instance=ExtResource("6_wwady")]
transform = Transform3D(0.9915585, 0, 0.12966095, 0, 1, 0, -0.12966095, 0, 0.9915585, -29.835835, 8, -3.705737)
slime_data = SubResource("Resource_tv6ri")

[node name="Green4" parent="Entities/Enemy/SpawnPoints" unique_id=558706296 instance=ExtResource("6_wwady")]
transform = Transform3D(0.8737553, 0, 0.48636585, 0, 1, 0, -0.48636585, 0, 0.8737553, -26.002424, 8, -10.665318)
slime_data = SubResource("Resource_tv6ri")

[node name="Green5" parent="Entities/Enemy/SpawnPoints" unique_id=987193093 instance=ExtResource("6_wwady")]
transform = Transform3D(-0.987666, -0.006507661, -0.15644059, -0.0069175856, 0.99997395, 0.0020759616, 0.15642315, 0.0031325603, -0.9876853, -23.074896, 8, -7.874872)
slime_data = SubResource("Resource_tv6ri")

[node name="Yellow" parent="Entities/Enemy/SpawnPoints" unique_id=2068983918 instance=ExtResource("6_wwady")]
transform = Transform3D(0.66341704, 0, -0.74824977, 0, 1, 0, 0.74824977, 0, 0.66341704, -13.435835, 8, -15.174872)
slime_data = SubResource("Resource_piqkd")

[node name="Yellow2" parent="Entities/Enemy/SpawnPoints" unique_id=1562465662 instance=ExtResource("6_wwady")]
transform = Transform3D(1, 0, 0, 0, 1, 0, 0, 0, 1, -10.925091, 8, -15.174872)
slime_data = SubResource("Resource_piqkd")

[node name="Yellow3" parent="Entities/Enemy/SpawnPoints" unique_id=660006411 instance=ExtResource("6_wwady")]
transform = Transform3D(0.9915585, 0, 0.12966095, 0, 1, 0, -0.12966095, 0, 0.9915585, -15.8358345, 8, -11.005737)
slime_data = SubResource("Resource_piqkd")

[node name="Yellow4" parent="Entities/Enemy/SpawnPoints" unique_id=680431280 instance=ExtResource("6_wwady")]
transform = Transform3D(0.8737553, 0, 0.48636585, 0, 1, 0, -0.48636585, 0, 0.8737553, -12.002424, 8, -10.465317)
slime_data = SubResource("Resource_piqkd")

[node name="Yellow5" parent="Entities/Enemy/SpawnPoints" unique_id=313942701 instance=ExtResource("6_wwady")]
transform = Transform3D(-0.987666, -0.006507661, -0.15644059, -0.0069175856, 0.99997395, 0.0020759616, 0.15642315, 0.0031325603, -0.9876853, -9.074896, 8, -15.174872)
slime_data = SubResource("Resource_piqkd")

[node name="Red" parent="Entities/Enemy/SpawnPoints" unique_id=1192756864 instance=ExtResource("6_wwady")]
transform = Transform3D(0.66341704, 0, -0.74824977, 0, 1, 0, 0.74824977, 0, 0.66341704, -36.035835, 10, -34.474873)
slime_data = SubResource("Resource_gq41h")

[node name="Red2" parent="Entities/Enemy/SpawnPoints" unique_id=1976718517 instance=ExtResource("6_wwady")]
transform = Transform3D(1, 0, 0, 0, 1, 0, 0, 0, 1, -33.525093, 10, -34.474873)
slime_data = SubResource("Resource_gq41h")

[node name="Red3" parent="Entities/Enemy/SpawnPoints" unique_id=879668290 instance=ExtResource("6_wwady")]
transform = Transform3D(0.9915585, 0, 0.12966095, 0, 1, 0, -0.12966095, 0, 0.9915585, -38.435837, 10, -30.305738)
slime_data = SubResource("Resource_gq41h")

[node name="Red4" parent="Entities/Enemy/SpawnPoints" unique_id=1286239653 instance=ExtResource("6_wwady")]
transform = Transform3D(0.8737553, 0, 0.48636585, 0, 1, 0, -0.48636585, 0, 0.8737553, -34.602425, 10, -29.765318)
slime_data = SubResource("Resource_gq41h")

[node name="Red5" parent="Entities/Enemy/SpawnPoints" unique_id=1514273103 instance=ExtResource("6_wwady")]
transform = Transform3D(-0.987666, -0.006507661, -0.15644059, -0.0069175856, 0.99997395, 0.0020759616, 0.15642315, 0.0031325603, -0.9876853, -31.674896, 10, -34.474873)
slime_data = SubResource("Resource_gq41h")

[node name="Instances" type="Node3D" parent="Entities/Enemy" unique_id=524827423]

[node name="Player" type="Node3D" parent="Entities" unique_id=584910691]

[node name="SpawnPoints" type="Node3D" parent="Entities/Player" unique_id=1819922508]

[node name="PlayerSpawnPoint" parent="Entities/Player/SpawnPoints" unique_id=187764602 instance=ExtResource("8_lpv70")]
transform = Transform3D(-0.6900112, 0, -0.72379863, 0, 1, 0, 0.72379863, 0, -0.6900112, -11.900001, 4, 14.643001)
player_data = SubResource("Resource_jpsdj")

[node name="Instances" type="Node3D" parent="Entities/Player" unique_id=1337566402]

[node name="Projectiles" type="Node3D" parent="." unique_id=886301825 groups=["projectile_bucket"]]

[node name="Interactables" type="Node3D" parent="." unique_id=711460407]

[node name="FX" type="Node3D" parent="." unique_id=884460367]
